52179836
22615306
21922156
49334629
23264373
24258283
23264100
15789884
20955084
721995
24351537
13295314
4378943
52288184
22563635
51428110
25652461
46788890
20955090
49349908
23264368
53788970
53788956
42709367
48207870
5465955
45183900
45362383
39747966
4273159
11011566
45255518
21010654
52273548
49362730
42964513
46076115
38455224
2882833
49331471
52213707
45160247
11007488
17048907
10267516
49306555
32349902
49314136
51462524
50591219
38975957
50247924
34419691
45167262
14009364
15789883
42709344
50247129
990740
51286696
51462522
32340626
25899921
45155157
45005667
29253421
22717827
49334847
42886893
42873395
49327919
8286081
15073948
45267442
34435660
48207866
51428073
45082361
41454773
45023088
45023082
45155155
20955088
45023084
39987772
49306557
40938458
49307835
45292876
53788966
39988665
48204967
45121272
42964511
45159200
40350481
32349087
14009371
48199708
48247371
34391672
53840144
34419687
19585271
54391438
39940271
50243377
45159404
11501791
32349083
53827002
42709346
26420693
21922154
42709350
34584362
49334633
53840139
29247787
49327921
53840157
7387245
34584369
54724095
42964505
49306491
14012074
50330969
50330965
11477903
2885663
50302270
42965607
48165470
36694353
49010207
8834343
29253429
17519315
19703289
4134807
53840143
39999585
19615666
49347601
10649334
53840147
11501787
10971931
52213148
53827004
32438316
50693558
48354755
50667330
19602159
34473182
40876515
45067983
39992118
50330971
19671414
53840141
1687209
32349095
1746699
39987948
50269741
49064498
2882223
53788944
53827009
39106052
52275354
17014269
45121270
42964509
17048913
22563874
42886895
45362381
49362724
26412842
21013964
13986891
49327928
24351545
4161199
5568219
42964507
49366514
15417584
52646209
49347480
22671268
17519360
37889069
43073160
13406415
21018104
23264107
17602297
3080395
53728776
49306559
24258288
24351715
15073946
51462520
24258281
50302273
35195193
50247922
29253423
48316176
24351539
45160249
14013832
11196536
39992530
3076675
53745289
45183898
52252112
45160253
42709351
50330973
51428058
8081862
17048773
49334842
45151660
52248214
42705978
43073151
48613728
42897334
45159096
32939900
4155437
3073537
39482089
39717627
45082357
49464507
13140724
45347089
13709389
39112083
45183896
45255375
22616117
22616119
36624859
39940256
52288186
49355819
19695390
10673986
29247774
10282420
49632064
7404073
24258269
7774802
8079869
22046687
24258286
14158223
49334631
4281519
48613118
50269737
38975959
44944173
26115085
4164051
19569302
50269739
50709607
45067978
42886897
29253419
33593537
29165943
48247607
10647193
54377937
1942209
8081145
50302272
50247125
50255178
4336199
22615310
34419689
37811205
5473757
40151275
7405291
9689297
22026062
11477954
45182816
40938850
45159410
50269735
39110609
49366506
29253417
22023334
26412848
53745305
19614142
52276738
42873402
14011559
49362726
45121268
12136177
1016321
52217203
10055677
24632959
10985498
53827025
52248216
45082359
54245193
50594515
13947739
10674139
21922144
49535191
42897336
8955241
50886798
45160251
21010819
48385090
43788194
23202783
14011535
11421291
32153464
32778242
42964500
22717826
40937987
45173077
49362732
2884733
22615339
40008219
22026542
39999657
50685552
16683153
53840155
42704938
2577547
52259407
35002289
34391176
29165864
10208750
50255180
13947751
49308847
10984555
42695145
50255172
49320504
35278553
50696231
39940252
50594512
26412858
2612225
17519416
8286686
11193197
52666797
11197206
52187178
53840133
10267512
42705981
10696220
52259411
21022435
45182771
26412866
10741002
45173078
43073462
14162807
50594511
42964503
53840159
2066743
8970819
17519303
26412868
4376129
49285712
10675304
34391664
10697722
50247930
653365
8954358
12288384
625088
49504360
14533219
34435697
22024705
34471735
34558263
49366508
53728766
45121253
45267440
50255170
34471732
40595116
49007764
48158734
43073458
35855736
53827017
50330967
26412874
1543853
49347486
36595293
24800687
8080913
29165871
53728778
850013
8080926
40561441
16733728
26216749
50255174
7414211
39052408
21013968
49306561
53827020
21572593
21010656
2071717
5569903
40939217
49366510
45362379
32349898
39106048
2242405
1574545
21922146
48033762
4587417
49306489
22025022
2122775
49334602
34391178
52213150
49334845
17978858
48247679
45158842
19670891
43719849
54145430
37537581
2122773
52338042
19670880
50685564
53827013
49366512
25761732
19670873
48247681
49334627
1016323
22615308
50247928
5570577
21012457
55731966
7974231
11197426
50243383
39940258
43071456
4133881
8080351
9687393
53788946
40201530
53745343
52244422
41344405
32349904
53330602
53827027
36165141
10124083
628778
19266896
53728788
50353221
50255176
52227705
26115463
14302543
32436502
10267502
53728784
52262776
50255182
50709610
10267522
32436508
14294269
20024085
14011561
49307832
14009354
52180115
55150886
13947745
52244420
14011537
16045752
2837313
15073954
23565721
11191579
24628979
1749267
16877124
48165479
11197276
49347597
21009362
54640850
54373110
4160129
43723705
48247605
21935894
22563604
53827019
13947749
2466637
45067982
53745325
1218191
12421176
4152747
21021357
53827015
24647083
8964747
40201528
16737743
7531379
52181977
50247127
49460335
19671416
15389853
53728780
35193400
21753286
40938000
2456215
14011545
50255164
13986906
45082200
2074761
22615314
15468967
50690030
21009360
11120374
8861117
19258115
40201535
13302323
40350599
50255184
14011555
13947737
15422468
22600139
53827011
53827006
53670240
22563884
53728782
32154164
14011543
6306637
22139077
13947747
10267518
11417065
11586154
13947741
10267528
53788972
49347474
32347383
55880902
53728786
14011541
44990171
13947743
14009362
32347389
53452139
54866398
32349896
53826998
48901538
55707627
55880875
32716637
22615311
33574482
49314271
55880892
52244424
55707607
55731964
55880882
48393012
55316954
55707603
55707609
55731962
55731956
55707617
55880906
55731954
48204987
55707605
55892807
55731958
55657806
55731972
55717002
55880877
36269596
55707623
55707601
55880900
55707625
55731974
55731976
29253426
48247726
55651297
55707613
55880873
55731968
55707597